X,Y
5190.0,73.80
5220.0,72.83
5250.0,70.87
5280.0,70.87
5310.0,69.89
5340.0,68.91
5370.0,67.94
5400.0,67.45
5430.0,66.96
5460.0,66.47
5490.0,65.98
5520.0,65.49
5550.0,65.00
5580.0,64.52
5610.0,65.00
5640.0,64.03
5670.0,64.03
5700.0,63.54
5730.0,63.05
5760.0,62.56
5790.0,62.56
5820.0,62.07
5850.0,61.58
5880.0,61.58
5910.0,61.09
5940.0,60.61
5970.0,60.12
6000.0,60.61
6030.0,59.63
6060.0,59.63
6090.0,59.14
6120.0,58.16
6150.0,57.67
6180.0,58.16
6210.0,57.67
6240.0,57.18
6270.0,57.18
6300.0,55.72
6330.0,56.70
6360.0,55.72
6390.0,56.21
6420.0,55.23
6450.0,55.23
6480.0,55.23
6510.0,54.74
6540.0,53.76
6570.0,54.25
6600.0,53.76
6630.0,53.27
6660.0,53.27
6690.0,52.79
6720.0,52.30
6750.0,51.81
6780.0,51.81
6810.0,51.32
6840.0,50.83
6870.0,50.83
6900.0,51.81
6930.0,49.85
6960.0,49.85
6990.0,49.36
7020.0,49.36
7050.0,48.88
7080.0,48.88
7110.0,48.39
7140.0,48.88
7170.0,47.41
7200.0,47.90
7230.0,46.92
7260.0,47.41
7290.0,46.43
7320.0,46.43
7350.0,46.43
7380.0,45.94
7410.0,46.43
7440.0,45.45
7470.0,44.97
7500.0,44.97
7530.0,44.48
7560.0,44.48
7590.0,43.99
7620.0,43.99
7650.0,43.99
7680.0,43.50
7710.0,43.50
7740.0,43.50
7770.0,43.01
7800.0,42.52
7830.0,43.01
7860.0,42.52
7890.0,42.03
7920.0,42.03
7950.0,41.54
7980.0,41.54
8010.0,41.54
8040.0,41.06
8070.0,41.06
8100.0,40.57
8130.0,40.57
8160.0,40.57
8190.0,40.08
8220.0,40.08
8250.0,40.57
8280.0,39.10
8310.0,39.59
8340.0,39.10
8370.0,39.10
8400.0,39.10
8430.0,38.12
8460.0,38.61
8490.0,38.61
8520.0,38.12
8550.0,38.12
8580.0,37.63
8610.0,37.63
8640.0,37.15
8670.0,37.63
8700.0,37.15
8730.0,37.15
8760.0,36.66
8790.0,36.66
8820.0,36.66
8850.0,36.66
8880.0,36.66
8910.0,35.68
8940.0,36.17
8970.0,35.68
9000.0,36.17
9030.0,35.68
9060.0,35.19
9090.0,35.68
9120.0,35.68
9150.0,35.68
9180.0,35.19
9210.0,34.70
9240.0,34.70
9270.0,34.70
9300.0,34.21
9330.0,33.72
9360.0,34.21
9390.0,34.21
9420.0,33.24
9450.0,34.21
9480.0,33.72
9510.0,33.72
9540.0,33.72
9570.0,33.72
9600.0,33.24
9630.0,32.75
9660.0,33.24
9690.0,32.75
9720.0,32.26
9750.0,32.75
9780.0,32.75
9810.0,32.75
9840.0,32.26
9870.0,32.26
9900.0,31.77
9930.0,32.75
9960.0,32.26
9990.0,31.77
10020.0,32.26
10050.0,31.77
10080.0,31.77
10110.0,31.28
10140.0,31.28
10170.0,31.28
10200.0,31.28
10230.0,31.28
10260.0,30.79
10290.0,31.28
10320.0,31.28
10350.0,31.28
10380.0,30.79
10410.0,30.30
10440.0,30.30
10470.0,30.30
10500.0,30.30
10530.0,30.30
10560.0,29.81
10590.0,30.79
10620.0,30.30
10650.0,29.81
10680.0,30.79
10710.0,29.33
10740.0,29.81
10770.0,31.28
10800.0,30.79
10830.0,33.24
10860.0,34.70
10890.0,35.19
10920.0,36.17
10950.0,37.15
10980.0,38.12
11010.0,39.10
11040.0,38.61
11070.0,40.08
11100.0,41.06
11130.0,41.06
11160.0,41.06
11190.0,41.54
11220.0,42.52
11250.0,43.01
11280.0,43.99
11310.0,43.50
11340.0,43.99
11370.0,43.99
11400.0,44.48
11430.0,44.97
11460.0,45.94
11490.0,46.43
11520.0,46.92
11550.0,46.92
11580.0,46.92
11610.0,47.41
11640.0,47.90
11670.0,48.88
11700.0,48.88
11730.0,49.36
11760.0,49.85
11790.0,50.83
11820.0,50.34
11850.0,50.83
11880.0,50.34
11910.0,51.32
11940.0,52.30
11970.0,52.79
12000.0,51.81
12030.0,53.76
12060.0,53.27
12090.0,53.76
12120.0,54.25
12150.0,54.74
12180.0,55.23
12210.0,55.23
12240.0,55.23
12270.0,55.72
12300.0,56.21
12330.0,55.72
12360.0,56.70
12390.0,57.18
12420.0,57.67
12450.0,57.67
12480.0,57.67
12510.0,58.16
12540.0,58.65
12570.0,58.65
12600.0,59.14
12630.0,59.63
12660.0,59.63
12690.0,60.12
12720.0,60.61
12750.0,59.63
12780.0,60.61
12810.0,61.09
12840.0,61.09
12870.0,61.58
12900.0,61.09
12930.0,62.07
12960.0,62.07
12990.0,62.56
13020.0,62.56
13050.0,62.56
13080.0,63.05
13110.0,63.54
13140.0,63.54
13170.0,63.54
13200.0,64.03
13230.0,64.03
13260.0,65.00
13290.0,65.00
13320.0,64.52
13350.0,65.00
13380.0,65.49
13410.0,65.49
13440.0,65.98
13470.0,65.49
13500.0,65.98
13530.0,65.98
13560.0,65.98
13590.0,66.96
13620.0,66.96
13650.0,66.96
13680.0,66.96
13710.0,67.45
13740.0,67.45
13770.0,67.45
13800.0,67.45
13830.0,67.94
13860.0,66.96
13890.0,68.43
13920.0,67.94
13950.0,68.91
13980.0,68.43
14010.0,68.43
14040.0,68.91
14070.0,67.94
14100.0,69.89
14130.0,69.40
14160.0,68.91
14190.0,69.40
14220.0,69.89
14250.0,69.89
14280.0,69.40
14310.0,70.38
14340.0,70.38
14370.0,70.38
14400.0,70.38
14430.0,70.38
14460.0,70.38
14490.0,70.87
14520.0,70.38
14550.0,71.36
14580.0,71.36
14610.0,71.36
14640.0,70.87
14670.0,71.36
14700.0,71.85
14730.0,71.36
14760.0,71.36
14790.0,71.85
14820.0,71.85
14850.0,71.85
14880.0,72.34
14910.0,71.36
14940.0,72.34
14970.0,72.34
15000.0,71.85
15030.0,72.83
15060.0,73.80
15090.0,72.83
15120.0,72.34
15150.0,72.83
15180.0,72.83
15210.0,72.83
15240.0,72.34
15270.0,73.31
15300.0,73.31
15330.0,73.31
15360.0,73.31
15390.0,73.31
15420.0,73.80
15450.0,73.31
15480.0,73.31
15510.0,73.31
15540.0,73.31
15570.0,73.80
15600.0,74.29
15630.0,73.80
15660.0,73.80
15690.0,73.80
15720.0,74.29
15750.0,74.29
15780.0,74.78
15810.0,73.80
15840.0,73.80
15870.0,74.29
15900.0,74.29
15930.0,74.29
15960.0,74.29
15990.0,72.83
16020.0,72.34
16050.0,73.31
16080.0,72.83
16110.0,71.85
16140.0,71.36
16170.0,70.38
16200.0,69.89
16230.0,69.40
16260.0,68.91
16290.0,68.43
16320.0,67.94
16350.0,67.45
16380.0,69.40
16410.0,66.96
16440.0,65.98
16470.0,65.98
16500.0,65.49
16530.0,64.52
16560.0,65.00
16590.0,64.03
16620.0,62.07
16650.0,63.54
16680.0,63.05
16710.0,62.56
16740.0,62.07
16770.0,62.07
16800.0,61.58
16830.0,60.12
16860.0,60.12
16890.0,59.63
16920.0,57.67
16950.0,59.14
16980.0,58.65
17010.0,58.65
17040.0,58.16
17070.0,57.67
17100.0,57.18
17130.0,57.18
17160.0,56.21
17190.0,56.70
17220.0,56.21
17250.0,55.72
17280.0,55.72
17310.0,58.16
17340.0,54.74
17370.0,53.27
17400.0,51.32
17430.0,53.27
17460.0,53.27
17490.0,52.79
17520.0,52.79
17550.0,51.81
17580.0,51.81
17610.0,51.81
17640.0,49.36
17670.0,50.34
17700.0,50.83
17730.0,47.41
17760.0,49.85
17790.0,46.92
17820.0,49.36
17850.0,48.88
17880.0,46.92
17910.0,47.90
17940.0,47.90
17970.0,47.41
18000.0,46.92
18030.0,46.92
18060.0,46.43
18090.0,46.92
18120.0,46.43
18150.0,45.94
18180.0,45.94
18210.0,45.94
18240.0,43.50
18270.0,44.97
18300.0,44.97
18330.0,44.97
18360.0,43.99
18390.0,44.48
18420.0,43.99
18450.0,43.50
18480.0,43.99
18510.0,44.48
18540.0,43.01
18570.0,41.54
18600.0,42.52
18630.0,42.52
18660.0,43.01
18690.0,41.54
18720.0,40.57
18750.0,40.57
18780.0,41.06
18810.0,41.06
18840.0,39.59
18870.0,40.57
18900.0,44.48
18930.0,39.59
18960.0,39.59
18990.0,39.10
19020.0,38.61
19050.0,38.61
19080.0,39.10
19110.0,37.15
19140.0,38.61
19170.0,36.17
19200.0,38.12
19230.0,38.12
19260.0,38.12
19290.0,38.12
19320.0,37.63
19350.0,37.63
19380.0,37.63
19410.0,36.66
19440.0,36.66
19470.0,37.63
19500.0,36.66
19530.0,37.15
19560.0,36.17
19590.0,36.17
19620.0,37.15
19650.0,35.68
19680.0,35.68
19710.0,35.68
19740.0,35.68
19770.0,34.70
19800.0,33.72
19830.0,32.26
19860.0,35.19
19890.0,34.21
19920.0,34.70
19950.0,38.12
19980.0,34.21
20010.0,33.72
20040.0,33.72
20070.0,33.72
20100.0,33.72
20130.0,33.24
20160.0,33.24
20190.0,32.75
20220.0,32.75
20250.0,33.24
20280.0,33.24
20310.0,32.26
20340.0,33.24
20370.0,31.77
20400.0,32.26
20430.0,32.26
20460.0,31.77
20490.0,31.77
20520.0,30.79
20550.0,31.28
20580.0,32.26
20610.0,30.79
20640.0,31.28
20670.0,31.28
20700.0,31.28
20730.0,30.30
20760.0,30.79
20790.0,30.30
20820.0,30.30
20850.0,30.30
20880.0,30.79
20910.0,30.30
20940.0,27.86
20970.0,27.86
21000.0,29.81
21030.0,29.81
21060.0,30.30
21090.0,29.81
21120.0,29.81
21150.0,28.84
21180.0,29.81
21210.0,28.84
21240.0,28.84
21270.0,30.79
21300.0,28.84
21330.0,28.84
21360.0,29.33
21390.0,28.35
21420.0,28.35
21450.0,28.35
21480.0,27.86
21510.0,25.90
21540.0,28.35
21570.0,24.93
21600.0,29.81
21630.0,27.86
21660.0,25.90
21690.0,26.39
21720.0,27.86
21750.0,27.37
21780.0,27.37
21810.0,27.86
21840.0,24.44
21870.0,27.37
21900.0,27.86
