X,Y
0,18.57
30,18.08
60,18.08
90,19.55
120,20.53
150,21.99
180,23.95
210,24.93
240,26.39
270,27.86
300,28.35
330,29.33
360,30.30
390,30.79
420,31.77
450,32.26
480,32.26
510,32.75
540,34.21
570,34.70
600,35.19
630,35.68
660,35.68
690,37.15
720,37.15
750,37.63
780,38.12
810,39.10
840,39.10
870,40.08
900,39.10
930,40.57
960,41.06
990,41.06
1020,42.03
1050,42.52
1080,43.01
1110,43.50
1140,43.99
1170,43.50
1200,44.48
1230,44.48
1260,45.45
1290,46.92
1320,45.94
1350,46.92
1380,46.92
1410,48.39
1440,48.39
1470,48.39
1500,48.88
1530,50.34
1560,49.85
1590,49.85
1620,50.83
1650,51.81
1680,51.32
1710,52.79
1740,51.32
1770,51.81
1800,53.27
1830,53.76
1860,53.76
1890,54.25
1920,54.25
1950,55.72
1980,54.74
2010,54.74
2040,55.72
2070,55.72
2100,55.72
2130,56.21
2160,56.70
2190,57.67
2220,57.67
2250,58.16
2280,58.16
2310,58.16
2340,59.14
2370,57.67
2400,59.14
2430,59.14
2460,59.14
2490,60.12
2520,60.12
2550,60.61
2580,60.61
2610,61.09
2640,61.58
2670,61.09
2700,62.07
2730,62.07
2760,62.07
2790,62.56
2820,62.56
2850,63.54
2880,63.05
2910,64.03
2940,63.54
2970,63.54
3000,63.54
3030,64.03
3060,63.54
3090,63.54
3120,64.52
3150,65.00
3180,65.00
3210,65.49
3240,65.00
3270,65.49
3300,65.98
3330,65.98
3360,65.98
3390,66.47
3420,66.47
3450,66.96
3480,67.45
3510,65.98
3540,67.45
3570,67.45
3600,67.45
3630,67.45
3660,67.45
3690,67.94
3720,67.94
3750,67.94
3780,68.43
3810,68.43
3840,68.43
3870,68.43
3900,68.91
3930,68.91
3960,69.40
3990,68.43
4020,69.40
4050,69.89
4080,68.43
4110,69.40
4140,69.89
4170,69.89
4200,70.38
4230,69.89
4260,69.89
4290,70.87
4320,70.38
4350,69.89
4380,71.36
4410,70.87
4440,70.87
4470,71.36
4500,70.87
4530,71.36
4560,70.87
4590,70.87
4620,71.85
4650,72.34
4680,71.36
4710,71.36
4740,71.85
4770,72.83
4800,72.34
4830,72.34
4860,72.34
4890,72.83
4920,73.31
4950,72.34
4980,72.34
5010,72.83
5040,72.34
5070,72.34
5100,72.83
5130,73.31
5160,72.83
